80
100
120
140
160
180
210
240
270
300
340
380
420
470
520
580
640
700
770
840
920
1000
1090
1180
1270
1370
1470
1580
1690
1810
1940
2070
2210
2350
2500
2660
2820
2990
3160
3340
3530
3720
3920
4120
4330
4550
4770
5000
5230
5470
5720
5970
6230
6490
6760
7040
7320
7610
7900
8200
8520
8840
9170
9500
9840
10200
10560
10930
11300
11680
12090
12500
12920
13340
13770
14230
14690
15160
15630
16110
16610
17110
17620
18130
18650
19190
19730
20280
20830
21390
21970
22550
23140
23730
24330
24950
25570
26200
26830
27470
